0.0221729	-0.895833	0.8125	-7.12438e-09	0	3000000
0.0443459	-0.744792	0.128903	-1.51147e-09	5.08633e-05	3000000
0.0665188	-0.809277	0.353613	0.000138966	0.000375199	3000000
0.0886918	-1	1	0	0	3000000
0.110865	-1	1	0	0	3000000
0.133038	-1	1	2.82569e-10	4.23855e-11	3000000
0.155211	-0.833318	0.25	1.61522e-07	6.38907e-08	3000000
0.177384	-0.999999	0.999999	1.48432e-08	2.96864e-09	3000000
0.199557	-0.999994	0.999997	6.20142e-08	1.39532e-08	3000000
0.221729	-0.999976	0.999988	1.90775e-07	4.77434e-08	3000000
0.243902	-0.999926	0.999963	4.78118e-07	1.31904e-07	3000000
0.266075	-0.999818	0.999909	9.93891e-07	2.99584e-07	3000000
0.288248	-0.999602	0.999801	1.84467e-06	6.04117e-07	3000000
0.310421	-0.999231	0.999614	3.09843e-06	1.09831e-06	3000000
0.332594	-0.998624	0.999309	4.85313e-06	1.85306e-06	3000000
0.354767	-0.997719	0.998851	7.08775e-06	2.90738e-06	3000000
0.37694	-0.996417	0.998191	9.94614e-06	4.37497e-06	3000000
0.399113	-0.994636	0.997285	1.33453e-05	6.28402e-06	3000000
0.421286	-0.992288	0.996082	1.73935e-05	8.75997e-06	3000000
0.443459	-0.989247	0.994515	2.2099e-05	1.18871e-05	3000000
0.465632	-0.985469	0.992555	2.73367e-05	1.57093e-05	3000000
0.487805	-0.980827	0.990125	3.31845e-05	2.03656e-05	3000000
0.509978	-0.975257	0.987181	3.96679e-05	2.60144e-05	3000000
0.532151	-0.968587	0.983618	4.67579e-05	3.28049e-05	3000000
0.554324	-0.960879	0.979451	5.442e-05	4.08634e-05	3000000
0.576497	-0.951898	0.97453	6.27722e-05	5.05291e-05	3000000
0.59867	-0.941612	0.968813	7.15381e-05	6.18463e-05	3000000
0.620843	-0.929891	0.962188	8.0867e-05	7.52675e-05	3000000
0.643016	-0.916648	0.954564	9.1082e-05	9.15027e-05	3000000
0.665188	-0.901881	0.945895	0.000101967	0.000110838	3000000
0.687361	-0.885397	0.935997	0.00011343	0.000134041	3000000
0.709534	-0.866964	0.924644	0.000125715	0.000162349	3000000
0.731707	-0.846757	0.911858	0.000138362	0.000196182	3000000
0.75388	-0.824419	0.897276	0.000152505	0.000238888	3000000
0.776053	-0.799826	0.880662	0.00016754	0.000292397	3000000
0.798226	-0.772862	0.8617	0.000184177	0.000362065	3000000
0.820399	-0.743119	0.839822	0.000202248	0.00045325	3000000
0.842572	-0.71058	0.814606	0.00022087	0.000573923	3000000
0.864745	-0.674998	0.785283	0.000243439	0.000749577	3000000
0.886918	-0.63605	0.455876	0.00026775	0.0899467	3000000
0.909091	-0.592589	0.371725	0.000299966	0.0901355	3000000
0.931264	-0.543555	0.00270019	0.000339082	0.104111	3000000
0.953437	-0.487843	0.00527399	0.000380139	0.0823011	3000000
0.97561	-0.428283	0.00666142	0.000378861	0.0595523	3000000
0.997783	-0.374181	0.00183226	0.000312082	0.0398103	3000000
1.01996	-0.333404	0.00124605	0.000223831	0.0261241	3000000
1.04213	-0.304729	7.44284e-05	0.000156542	0.0176126	3000000
1.0643	-0.284448	0.000229892	0.000114206	0.0125245	3000000
1.08647	-0.268713	7.97409e-05	8.8013e-05	0.00925609	3000000
1.10865	-0.256602	0.000634883	7.20323e-05	0.00725939	3000000
1.13082	-0.246478	0.000279094	6.1544e-05	0.00588171	3000000
1.15299	-0.237595	0.000339495	5.34851e-05	0.00487414	3000000
1.17517	-0.22983	0.00038084	4.79832e-05	0.00414585	3000000
1.19734	-0.222762	0.000399757	4.33596e-05	0.00359594	3000000
1.21951	-0.216437	0.00021834	3.98186e-05	0.00316759	3000000
0.0288248	-0.916667	0.875	2.39031e-09	0	3000000
0.0509978	-0.901132	0.828395	0.00155597	0.00322085	3000000
0.0731707	-1	1	0	0	3000000
0.0953437	-1	1	0	0	3000000
0.117517	-1	1	0	0	3000000
0.13969	-1	1	1.0252e-10	1.61469e-11	3000000
0.161863	-1	1	4.16125e-09	7.59428e-10	3000000
0.184035	-0.999998	0.999999	2.43282e-08	5.04811e-09	3000000
0.206208	-0.99999	0.999995	9.46503e-08	2.20329e-08	3000000
0.228381	-0.999965	0.999982	2.5842e-07	6.6663e-08	3000000
0.250554	-0.999901	0.99995	6.09048e-07	1.72596e-07	3000000
0.272727	-0.999764	0.999882	1.22149e-06	3.77546e-07	3000000
0.2949	-0.999512	0.999755	2.17055e-06	7.28571e-07	3000000
0.317073	-0.99908	0.999539	3.55681e-06	1.28891e-06	3000000
0.339246	-0.998391	0.999191	5.4572e-06	2.13003e-06	3000000
0.361419	-0.997373	0.998677	7.90553e-06	3.31288e-06	3000000
0.383592	-0.995938	0.997948	1.09123e-05	4.89915e-06	3000000
0.405765	-0.994003	0.996961	1.45069e-05	6.96927e-06	3000000
0.427938	-0.991447	0.99565	1.87001e-05	9.60444e-06	3000000
0.450111	-0.9882	0.993973	2.35949e-05	1.29531e-05	3000000
0.472284	-0.984167	0.991874	2.90484e-05	1.70313e-05	3000000
0.494457	-0.97928	0.98931	3.50058e-05	2.19185e-05	3000000
0.51663	-0.973402	0.986194	4.16367e-05	2.78621e-05	3000000
0.538803	-0.966434	0.98246	4.88364e-05	3.49418e-05	3000000
0.560976	-0.958331	0.978063	5.6756e-05	4.34995e-05	3000000
0.583149	-0.948967	0.972911	6.52257e-05	5.36257e-05	3000000
0.605322	-0.938237	0.966917	7.42459e-05	6.55948e-05	3000000
0.627494	-0.926139	0.960045	8.38372e-05	7.97986e-05	3000000
0.649667	-0.912418	0.952103	9.42173e-05	9.68473e-05	3000000
0.67184	-0.897086	0.943043	0.000105232	0.000117328	3000000
0.694013	-0.88006	0.932738	0.000116992	0.000141909	3000000
0.716186	-0.861147	0.921004	0.000129571	0.000171877	3000000
0.738359	-0.840234	0.907658	0.000142899	0.000208519	3000000
0.760532	-0.81724	0.892498	0.000156704	0.000253295	3000000
0.782705	-0.791752	0.875079	0.000172768	0.000312275	3000000
0.804878	-0.764212	0.855449	0.000189003	0.0003856	3000000
0.827051	-0.73383	0.832782	0.000207273	0.000484137	3000000
0.849224	-0.70038	0.806415	0.000227649	0.00061971	3000000
0.871397	-0.663935	0.775758	0.00025	0.000812828	3000000
0.89357	-0.623247	0.675568	0.000278084	0.0232689	3000000
0.915743	-0.578241	0.0147515	0.000312033	0.117952	3000000
0.937916	-0.527476	0.000300441	0.000355387	0.0977699	3000000
0.960089	-0.469998	0.00678287	0.000388074	0.0753918	3000000
0.982262	-0.411116	0.00250328	0.000366743	0.0531663	3000000
1.00443	-0.360976	0.0090225	0.000285559	0.0352272	3000000
1.02661	-0.323494	0.000590645	0.000199999	0.0230003	3000000
1.04878	-0.297785	0.000506029	0.000141135	0.0157472	3000000
1.07095	-0.279044	0.00018618	0.000104447	0.0112894	3000000
1.09313	-0.264822	0.000243822	8.22901e-05	0.00855117	3000000
1.1153	-0.25339	0.000604871	6.8307e-05	0.00677358	3000000
1.13747	-0.243713	0.000101263	5.88306e-05	0.00553969	3000000
1.15965	-0.235193	8.2849e-05	5.17998e-05	0.00464228	3000000
1.18182	-0.227618	0.000536273	4.64525e-05	0.00396384	3000000
1.20399	-0.220778	9.83385e-05	4.229e-05	0.00345313	3000000
1.22616	-0.2146	2.68021e-05	3.88965e-05	0.00305492	3000000
0.0354767	-0.760417	0.53125	3.93214e-10	0	3000000
0.0576497	-1	1	0	0	3000000
0.0798226	-1	1	0	0	3000000
0.101996	-1	1	0	0	3000000
0.124169	-1	1	0	0	3000000
0.146341	-1	1	8.407e-10	1.38716e-10	3000000
0.168514	-1	1	6.55115e-09	1.24472e-09	3000000
0.190687	-0.833205	0.25	9.23635e-07	4.58396e-07	3000000
0.21286	-0.83299	0.249997	2.01149e-06	1.13224e-06	3000000
0.235033	-0.999952	0.999976	3.36294e-07	8.92758e-08	3000000
0.257206	-0.831777	0.24998	6.46e-06	4.67196e-06	3000000
0.279379	-0.999705	0.999852	1.46296e-06	4.64057e-07	3000000
0.301552	-0.999403	0.999701	2.54179e-06	8.72832e-07	3000000
0.323725	-0.998901	0.999448	4.07391e-06	1.51025e-06	3000000
0.345898	-0.998127	0.999058	6.12443e-06	2.44281e-06	3000000
0.368071	-0.996992	0.998483	8.72062e-06	3.732e-06	3000000
0.390244	-0.995411	0.997679	1.19223e-05	5.46578e-06	3000000
0.412417	-0.993294	0.996598	1.57104e-05	7.70454e-06	3000000
0.43459	-0.990561	0.995194	2.01346e-05	1.0549e-05	3000000
0.456763	-0.987085	0.993395	2.51566e-05	1.40803e-05	3000000
0.478936	-0.982802	0.991161	3.07701e-05	1.83927e-05	3000000
0.501109	-0.9776	0.988423	3.7061e-05	2.36721e-05	3000000
0.523282	-0.971416	0.985135	4.37875e-05	2.98939e-05	3000000
0.545455	-0.964108	0.981203	5.12122e-05	3.74044e-05	3000000
0.567627	-0.955677	0.976611	5.92069e-05	4.63302e-05	3000000
0.5898	-0.945884	0.9712	6.78884e-05	5.69992e-05	3000000
0.611973	-0.934762	0.964956	7.71426e-05	6.9676e-05	3000000
0.634146	-0.922145	0.957748	8.70635e-05	8.47765e-05	3000000
0.656319	-0.90804	0.949534	9.75949e-05	0.000102735	3000000
0.678492	-0.892158	0.940083	0.000108653	0.000124171	3000000
0.700665	-0.874505	0.929327	0.000120746	0.000150462	3000000
0.722838	-0.855073	0.917169	0.000133228	0.00018184	3000000
0.745011	-0.833523	0.903281	0.000146924	0.000220888	3000000
0.767184	-0.809798	0.887469	0.000161882	0.000270546	3000000
0.789357	-0.783878	0.869537	0.000177063	0.000331481	3000000
0.81153	-0.75548	0.849062	0.000194257	0.000411941	3000000
0.833703	-0.724114	0.825267	0.000213189	0.000520709	3000000
0.855876	-0.689937	0.79786	0.000233459	0.000667639	3000000
0.878049	-0.652052	0.283284	0.000257138	0.128516	3000000
0.900222	-0.610409	0.0577455	0.000285571	0.130342	3000000
0.922395	-0.563988	0.0566208	0.000322382	0.111491	3000000
0.944568	-0.510693	0.00342286	0.000367677	0.0911746	3000000
0.966741	-0.451772	0.0124178	0.000387954	0.06839	3000000
0.988914	-0.394684	0.00110552	0.000346068	0.0471481	3000000
1.01109	-0.347931	0.00522111	0.000256615	0.030793	3000000
1.03326	-0.314988	0.000540945	0.000180067	0.0204943	3000000
1.05543	-0.2917	0.000499776	0.00012847	0.0142465	3000000
1.07761	-0.274388	0.000412698	9.65388e-05	0.0103398	3000000
1.09978	-0.261176	0.000313792	7.75382e-05	0.00793528	3000000
1.12195	-0.250221	0.000774526	6.49865e-05	0.00633715	3000000
1.14412	-0.241	0.00060862	5.63926e-05	0.00523654	3000000
1.1663	-0.232849	0.00070144	5.00233e-05	0.00441721	3000000
1.18847	-0.225512	5.75326e-05	4.52014e-05	0.00380422	3000000
1.21064	-0.218879	1.28073e-05	4.10924e-05	0.00331476	3000000
1.23282	-0.212852	2.02044e-05	3.79535e-05	0.00295003	3000000
0.0221729	-0.825521	0.601562	-4.05498e-09	0	3000000
0.0443459	-0.75945	0.275448	0.000146163	0.00105237	3000000
0.0665188	-1	1	0	0	3000000
0.0886918	-1	1	0	0	3000000
0.110865	-1	1	0	0	3000000
0.133038	-1	1	2.82569e-10	4.23855e-11	3000000
0.155211	-1	1	3.23852e-09	5.6674e-10	3000000
0.177384	-0.999999	0.999999	1.55106e-08	3.10212e-09	3000000
0.199557	-0.999993	0.999997	6.38584e-08	1.43819e-08	3000000
0.221729	-0.999975	0.999988	1.9248e-07	4.82193e-08	3000000
0.243902	-0.999926	0.999963	4.78181e-07	1.31773e-07	3000000
0.266075	-0.831339	2.00521e-07	7.82039e-06	5.92838e-06	3000000
0.288248	-0.999602	0.999801	1.85122e-06	6.06633e-07	3000000
0.310421	-0.999233	0.999615	3.08767e-06	1.09397e-06	3000000
0.332594	-0.998634	0.999313	4.8024e-06	1.83295e-06	3000000
0.354767	-0.997719	0.998852	7.10425e-06	2.91449e-06	3000000
0.37694	-0.996416	0.998191	9.93101e-06	4.36778e-06	3000000
0.399113	-0.994627	0.99728	1.33729e-05	6.29685e-06	3000000
0.421286	-0.992281	0.996078	1.7401e-05	8.76364e-06	3000000
0.443459	-0.989253	0.994518	2.20396e-05	1.18565e-05	3000000
0.465632	-0.985469	0.992554	2.73299e-05	1.57066e-05	3000000
0.487805	-0.98083	0.990126	3.31613e-05	2.03498e-05	3000000
0.509978	-0.975258	0.987181	3.9577e-05	2.59691e-05	3000000
0.532151	-0.968618	0.983634	4.68139e-05	3.2835e-05	3000000
0.554324	-0.960871	0.979445	5.44085e-05	4.08641e-05	3000000
0.576497	-0.951912	0.974539	6.26866e-05	5.04439e-05	3000000
0.59867	-0.941596	0.968804	7.15416e-05	6.18633e-05	3000000
0.620843	-0.92992	0.962204	8.09777e-05	7.53538e-05	3000000
0.643016	-0.916696	0.954593	9.09298e-05	9.13705e-05	3000000
0.665188	-0.901924	0.945923	0.000101925	0.000110817	3000000
0.687361	-0.885366	0.93598	0.000113329	0.000133987	3000000
0.709534	-0.867021	0.924684	0.000125488	0.000161934	3000000
0.731707	-0.846739	0.911854	0.000138584	0.000196306	3000000
0.75388	-0.824376	0.897244	0.000152744	0.000239369	3000000
0.776053	-0.799852	0.880677	0.000167521	0.000292444	3000000
0.798226	-0.77272	0.861597	0.000184425	0.000362646	3000000
0.820399	-0.743302	0.839976	0.000201217	0.000450694	3000000
0.842572	-0.710808	0.814811	0.000221083	0.000573326	3000000
0.864745	-0.675284	0.785573	0.000242768	0.000745736	3000000
0.886918	-0.635997	0.471666	0.000269362	0.0862714	3000000
0.909091	-0.592351	0.0627719	0.00029933	0.12277	3000000
0.931264	-0.543495	0.0394363	0.000340441	0.103743	3000000
0.953437	-0.488539	0.0213013	0.000376607	0.0824975	3000000
0.97561	-0.428301	0.000593695	0.000381274	0.0595649	3000000
0.997783	-0.374587	0.00670181	0.000312594	0.0399593	3000000
1.01996	-0.333585	0.000758469	0.000223647	0.0261962	3000000
1.04213	-0.304464	0.00226705	0.000155543	0.0175014	3000000
1.0643	-0.284299	0.000547197	0.000114033	0.0124901	3000000
1.08647	-0.26874	0.000540712	8.78446e-05	0.00925176	3000000
1.10865	-0.256608	0.000726828	7.20589e-05	0.00723739	3000000
1.13082	-0.246446	0.000335273	6.12891e-05	0.0058708	3000000
1.15299	-0.237661	0.000897049	5.368e-05	0.00489457	3000000
1.17517	-0.229874	0.000407664	4.79592e-05	0.00416564	3000000
1.19734	-0.222766	0.000458888	4.34663e-05	0.00358733	3000000
1.21951	-0.216435	3.25768e-05	3.99907e-05	0.00318232	3000000
0.0288248	-1	1	0	0	3000000
0.0509978	-0.747396	0.228592	5.59769e-10	0.000640339	3000000
0.0731707	-1	1	0	0	3000000
0.0953437	-0.996147	0.990366	0.00354421	0.00963375	3000000
0.117517	-1	1	1.44856e-10	1.91935e-11	3000000
0.13969	-1	1	2.56299e-10	4.03672e-11	3000000
0.161863	-1	1	4.96292e-09	9.05734e-10	3000000
0.184035	-0.999998	0.999999	2.20554e-08	4.5765e-09	3000000
0.206208	-0.99999	0.999995	8.68185e-08	2.02053e-08	3000000
0.228381	-0.999964	0.999982	2.67836e-07	6.904e-08	3000000
0.250554	-0.999903	0.999951	5.96873e-07	1.69073e-07	3000000
0.272727	-0.999769	0.999884	1.19839e-06	3.70525e-07	3000000
0.2949	-0.999512	0.999755	2.17521e-06	7.29884e-07	3000000
0.317073	-0.999072	0.999534	3.57929e-06	1.29753e-06	3000000
0.339246	-0.998397	0.999194	5.43479e-06	2.12113e-06	3000000
0.361419	-0.997377	0.998678	7.875e-06	3.30065e-06	3000000
0.383592	-0.995932	0.997945	1.09296e-05	4.90908e-06	3000000
0.405765	-0.994002	0.996961	1.45015e-05	6.9709e-06	3000000
0.427938	-0.991442	0.995647	1.8763e-05	9.64069e-06	3000000
0.450111	-0.98822	0.993983	2.35664e-05	1.29336e-05	3000000
0.472284	-0.984195	0.991889	2.89593e-05	1.6976e-05	3000000
0.494457	-0.979274	0.989307	3.49424e-05	2.18791e-05	3000000
0.51663	-0.973371	0.986178	4.17038e-05	2.7905e-05	3000000
0.538803	-0.966404	0.982442	4.8911e-05	3.50249e-05	3000000
0.560976	-0.95831	0.978052	5.68173e-05	4.35493e-05	3000000
0.583149	-0.948958	0.972905	6.5107e-05	5.35464e-05	3000000
0.605322	-0.938266	0.966933	7.41663e-05	6.55222e-05	3000000
0.627494	-0.926153	0.960052	8.40315e-05	7.99879e-05	3000000
0.649667	-0.912391	0.952088	9.43511e-05	9.69811e-05	3000000
0.67184	-0.897101	0.943049	0.000105126	0.000117139	3000000
0.694013	-0.880048	0.932738	0.000116993	0.000141743	3000000
0.716186	-0.861135	0.920996	0.000129511	0.000171787	3000000
0.738359	-0.840167	0.907606	0.000142828	0.000208451	3000000
0.760532	-0.817385	0.892595	0.000156875	0.000253423	3000000
0.782705	-0.791904	0.875176	0.000172927	0.000312577	3000000
0.804878	-0.764202	0.855441	0.000189011	0.000385854	3000000
0.827051	-0.733801	0.832737	0.000207615	0.000485869	3000000
0.849224	-0.700325	0.806338	0.000228319	0.000622701	3000000
0.871397	-0.663647	0.574961	0.000250284	0.0697272	3000000
0.89357	-0.62344	0.128551	0.00027717	0.13248	3000000
0.915743	-0.578362	0.0137782	0.000311744	0.118012	3000000
0.937916	-0.527655	0.0206318	0.000351628	0.0977636	3000000
0.960089	-0.470276	0.011526	0.000386851	0.0754855	3000000
0.982262	-0.411327	0.00565295	0.000364509	0.0532422	3000000
1.00443	-0.360604	0.00271084	0.000285193	0.0350837	3000000
1.02661	-0.323521	0.00249376	0.000200288	0.0230346	3000000
1.04878	-0.297651	0.000381385	0.000140742	0.0156991	3000000
1.07095	-0.279147	0.00116957	0.000104636	0.0113457	3000000
1.09313	-0.264768	0.000967866	8.22615e-05	0.00855245	3000000
1.1153	-0.253475	0.000972786	6.85041e-05	0.00679424	3000000
1.13747	-0.243635	0.000243474	5.86262e-05	0.00553217	3000000
1.15965	-0.235173	0.000429728	5.18672e-05	0.00464587	3000000
1.18182	-0.227707	7.81784e-05	4.65942e-05	0.00399077	3000000
1.20399	-0.220824	0.000428521	4.22635e-05	0.00346152	3000000
1.22616	-0.214568	0.000195921	3.88812e-05	0.00305646	3000000
0.0354767	-0.895833	0.8125	-2.78296e-09	0	3000000
0.0576497	-1	1	0	0	3000000
0.0798226	-1	1	0	0	3000000
0.101996	-1	1	0	0	3000000
0.124169	-0.833333	0.25	1.27878e-08	4.00543e-09	3000000
0.146341	-1	1	9.3411e-10	1.54128e-10	3000000
0.168514	-0.999999	1	6.97378e-09	1.32502e-09	3000000
0.190687	-0.999996	0.999998	3.76354e-08	8.09885e-09	3000000
0.21286	-0.999985	0.999992	1.28914e-07	3.09395e-08	3000000
0.235033	-0.999951	0.999976	3.37614e-07	8.96372e-08	3000000
0.257206	-0.99987	0.999935	7.55607e-07	2.19994e-07	3000000
0.279379	-0.830516	3.13542e-06	1.0133e-05	8.31774e-06	3000000
0.301552	-0.999402	0.9997	2.54799e-06	8.75771e-07	3000000
0.323725	-0.998903	0.999449	4.06775e-06	1.50767e-06	3000000
0.345898	-0.998127	0.999058	6.11644e-06	2.43899e-06	3000000
0.368071	-0.996994	0.998484	8.716e-06	3.73066e-06	3000000
0.390244	-0.995417	0.997683	1.19072e-05	5.4585e-06	3000000
0.412417	-0.993304	0.996603	1.56909e-05	7.6951e-06	3000000
0.43459	-0.990554	0.99519	2.01201e-05	1.05408e-05	3000000
0.456763	-0.987076	0.99339	2.51098e-05	1.40538e-05	3000000
0.478936	-0.982781	0.99115	3.07407e-05	1.83823e-05	3000000
0.501109	-0.977601	0.988424	3.7033e-05	2.3656e-05	3000000
0.523282	-0.971382	0.985117	4.3867e-05	2.99437e-05	3000000
0.545455	-0.964134	0.981219	5.12119e-05	3.74008e-05	3000000
0.567627	-0.955663	0.976602	5.93298e-05	4.64367e-05	3000000
0.5898	-0.945886	0.971203	6.78525e-05	5.69562e-05	3000000
0.611973	-0.934785	0.964969	7.70394e-05	6.95844e-05	3000000
0.634146	-0.922162	0.957762	8.69588e-05	8.46346e-05	3000000
0.656319	-0.90795	0.949483	9.75992e-05	0.000102766	3000000
0.678492	-0.892224	0.940126	0.000108787	0.000124269	3000000
0.700665	-0.874631	0.929408	0.00012027	0.000149781	3000000
0.722838	-0.855107	0.917188	0.000133235	0.000181707	3000000
0.745011	-0.833641	0.903366	0.000146677	0.000220351	3000000
0.767184	-0.80993	0.887561	0.000161889	0.000270333	3000000
0.789357	-0.783768	0.869462	0.000177364	0.000332376	3000000
0.81153	-0.755338	0.848946	0.000194804	0.000413309	3000000
0.833703	-0.724133	0.825276	0.00021311	0.000520296	3000000
0.855876	-0.689765	0.797693	0.000233326	0.000668215	3000000
0.878049	-0.652264	0.625796	0.000257525	0.0499638	3000000
0.900222	-0.610185	0.140173	0.000286459	0.12624	3000000
0.922395	-0.56401	0.126722	0.000322282	0.108423	3000000
0.944568	-0.510526	0.0502416	0.000367018	0.0905302	3000000
0.966741	-0.451846	0.000640648	0.000389087	0.0684764	3000000
0.988914	-0.394531	0.00161749	0.000345022	0.0471004	3000000
1.01109	-0.348083	0.00453656	0.000258469	0.0308906	3000000
1.03326	-0.314706	0.00241075	0.000179791	0.0203791	3000000
1.05543	-0.29167	0.000930727	0.00012848	0.0142083	3000000
1.07761	-0.274296	0.00056281	9.62627e-05	0.0103171	3000000
1.09978	-0.261157	0.000296691	7.75408e-05	0.00794684	3000000
1.12195	-0.250255	0.000612993	6.50636e-05	0.00634999	3000000
1.14412	-0.240944	0.000152655	5.62908e-05	0.0052269	3000000
1.1663	-0.232862	0.00118333	5.00981e-05	0.00442234	3000000
1.18847	-0.225581	0.000172314	4.52881e-05	0.00382302	3000000
1.21064	-0.218893	0.000419228	4.11896e-05	0.00333568	3000000
1.23282	-0.21275	0.000376682	3.7936e-05	0.00294832	3000000
